cam 0 0 0 -1 -1 -3 1 -1 -3 -1 1 -3 1 1 -3
ltd 0.577 -0.577 -0.577 1 1 1
ltd 0.577 0.577 -0.577 0 0 1
lta 1 1 1

sky 0.4 0.9 1

mat 0.1 0.1 0.1 0.5 0.5 0.5 1 1 1 50 0.1 0.1 0.1
xft 0 -2 -20
obj teapot.obj
xfz
mat 0.1 0.1 0.1 0.55 0.27 0.075 0 0 0 0 0 0 0
xft 0 3 -40
xfs 0.3 0.3 0.3
obj teddy.obj
xfz
mat 0.1 0.1 0.1 0.1 0.1 0.1 0 0 0 0 0 0 0
xft -2 -1.3 -15
xfs 0.2 0.2 0.2
obj cow.obj
xfz
mat 0.1 0.1 0.1 1 0 0 1 1 1 50 0 0 0 1 1 1 10
sph 2 -1 -10 1

xfz
mat 0.1 0.1 0.1 0.96 0.6 0.3 0.1 0.1 0.1 50 0.1 0.1 0.1
xft 0 3 0
obj ground.obj